9 3 3 0
9 1 0 1
9 0 1 2
3 1 2 2
3 2 3 2
12 3 2 3
0 3 1 2
9 1 1 0
9 2 2 1
9 2 1 3
7 0 3 0
3 0 1 0
3 0 1 0
12 0 2 2
0 2 0 1
9 0 0 0
9 2 1 2
9 3 0 2
3 2 1 2
12 2 1 1
0 1 3 2
3 1 0 3
14 3 1 3
9 3 2 1
12 3 3 0
3 0 1 0
12 0 2 2
0 2 1 0
9 3 2 2
9 0 2 3
9 1 3 1
4 3 2 1
3 1 1 1
12 0 1 0
3 0 0 2
14 2 0 2
9 1 1 1
3 1 2 3
3 3 3 3
12 3 0 0
0 0 0 3
3 0 0 1
14 1 2 1
3 3 0 0
14 0 2 0
3 1 0 2
14 2 3 2
5 0 2 2
3 2 3 2
12 2 3 3
0 3 0 1
9 3 3 2
9 1 0 3
5 0 2 2
3 2 3 2
12 1 2 1
0 1 1 2
9 3 2 3
9 2 2 1
9 1 3 0
12 0 0 3
3 3 3 3
3 3 1 3
12 2 3 2
0 2 0 1
9 2 1 3
3 3 0 2
14 2 0 2
4 2 3 0
3 0 1 0
12 0 1 1
0 1 3 2
9 3 3 0
3 2 0 3
14 3 3 3
9 2 3 1
5 1 0 1
3 1 1 1
3 1 1 1
12 2 1 2
0 2 2 0
9 2 1 2
3 2 0 1
14 1 2 1
9 0 3 3
6 1 3 2
3 2 3 2
12 0 2 0
0 0 1 1
9 1 2 3
9 2 3 2
3 0 0 0
14 0 2 0
7 3 0 0
3 0 2 0
12 0 1 1
0 1 1 2
9 1 2 1
9 0 0 0
9 2 1 3
7 1 3 3
3 3 1 3
12 2 3 2
9 1 3 3
9 2 1 1
9 2 1 0
8 0 3 3
3 3 1 3
12 3 2 2
9 0 3 1
9 0 2 3
9 1 2 0
14 0 1 0
3 0 3 0
12 2 0 2
9 3 2 0
9 3 0 3
9 2 2 1
10 3 1 3
3 3 2 3
3 3 3 3
12 2 3 2
0 2 1 0
9 1 0 3
9 0 2 1
9 0 1 2
14 3 1 1
3 1 1 1
12 1 0 0
0 0 3 1
9 1 0 2
9 3 2 3
3 2 0 0
14 0 3 0
9 2 0 0
3 0 2 0
12 1 0 1
0 1 3 0
9 1 0 3
9 3 3 1
14 3 1 3
3 3 3 3
12 3 0 0
0 0 3 3
9 1 3 1
9 2 0 0
9 3 0 2
9 2 1 1
3 1 3 1
12 3 1 3
0 3 2 0
9 2 1 2
9 1 0 3
9 0 3 1
14 3 1 2
3 2 1 2
3 2 1 2
12 2 0 0
0 0 3 2
9 2 0 3
3 0 0 1
14 1 1 1
9 3 0 0
7 1 3 1
3 1 3 1
3 1 3 1
12 2 1 2
0 2 0 1
9 0 3 2
4 2 3 2
3 2 3 2
12 1 2 1
0 1 1 2
3 2 0 1
14 1 3 1
9 2 1 0
3 0 0 3
14 3 1 3
8 0 3 0
3 0 3 0
12 0 2 2
9 2 0 0
9 1 2 1
9 0 0 3
6 0 3 3
3 3 3 3
12 2 3 2
0 2 2 3
9 1 1 0
9 3 2 2
3 1 2 0
3 0 3 0
3 0 3 0
12 3 0 3
0 3 2 0
3 1 0 2
14 2 2 2
3 2 0 1
14 1 0 1
9 0 1 3
6 2 3 3
3 3 3 3
3 3 1 3
12 0 3 0
0 0 2 3
9 2 3 1
9 3 1 0
10 0 1 1
3 1 3 1
3 1 1 1
12 3 1 3
9 2 0 1
2 2 0 1
3 1 2 1
12 3 1 3
0 3 0 1
9 0 3 3
9 1 1 0
0 0 2 2
3 2 3 2
3 2 3 2
12 1 2 1
9 3 2 3
9 2 2 2
0 0 2 0
3 0 3 0
3 0 3 0
12 0 1 1
0 1 3 2
3 3 0 3
14 3 1 3
9 2 1 0
9 2 2 1
12 3 3 0
3 0 3 0
12 2 0 2
9 0 2 3
9 3 2 1
9 1 1 0
14 0 1 0
3 0 1 0
12 2 0 2
0 2 2 1
9 3 3 0
9 2 3 2
13 3 2 0
3 0 2 0
12 1 0 1
0 1 2 3
9 0 0 1
9 0 3 2
3 0 0 0
14 0 3 0
11 2 0 1
3 1 3 1
12 3 1 3
0 3 3 0
3 2 0 3
14 3 0 3
9 3 2 1
9 2 0 2
13 3 2 1
3 1 1 1
12 0 1 0
0 0 3 1
3 1 0 0
14 0 2 0
9 3 2 2
5 0 2 0
3 0 1 0
12 0 1 1
0 1 0 3
9 1 0 1
3 0 0 0
14 0 1 0
3 0 2 0
3 0 1 0
3 0 2 0
12 3 0 3
0 3 3 1
9 3 0 0
9 0 1 3
9 0 3 2
11 2 0 3
3 3 1 3
12 3 1 1
0 1 0 0
9 1 3 3
9 2 1 2
9 3 3 1
12 3 3 2
3 2 1 2
12 2 0 0
0 0 0 1
9 0 1 3
9 2 3 2
9 1 3 0
13 3 2 3
3 3 3 3
12 1 3 1
9 3 1 3
9 2 2 0
10 3 0 2
3 2 1 2
12 1 2 1
0 1 2 0
9 3 1 2
9 3 1 1
3 3 0 3
14 3 1 3
14 3 1 2
3 2 1 2
12 0 2 0
9 0 2 3
3 2 0 2
14 2 3 2
9 0 0 1
9 2 3 2
3 2 3 2
3 2 1 2
12 0 2 0
0 0 1 2
9 3 2 3
9 2 0 1
3 3 0 0
14 0 2 0
10 3 1 0
3 0 1 0
3 0 2 0
12 2 0 2
9 2 2 0
9 1 2 3
9 3 2 1
8 0 3 3
3 3 3 3
3 3 2 3
12 3 2 2
0 2 0 1
9 1 2 3
9 1 2 0
9 2 1 2
0 0 2 0
3 0 2 0
3 0 3 0
12 0 1 1
3 1 0 3
14 3 3 3
9 2 1 0
9 1 0 2
10 3 0 2
3 2 1 2
3 2 1 2
12 1 2 1
0 1 3 3
9 2 3 2
3 2 0 1
14 1 3 1
2 0 1 2
3 2 3 2
12 3 2 3
0 3 1 0
3 3 0 3
14 3 1 3
9 2 0 2
9 0 1 1
12 3 3 2
3 2 1 2
12 0 2 0
0 0 1 1
3 1 0 3
14 3 3 3
9 0 3 2
9 2 3 0
10 3 0 3
3 3 3 3
12 1 3 1
0 1 2 2
9 0 3 3
3 3 0 0
14 0 3 0
3 0 0 1
14 1 2 1
5 1 0 3
3 3 2 3
12 3 2 2
9 3 3 1
9 1 1 3
3 3 0 0
14 0 2 0
8 0 3 1
3 1 1 1
12 2 1 2
9 2 3 3
9 1 0 1
1 0 3 0
3 0 1 0
12 2 0 2
0 2 0 0
3 2 0 1
14 1 0 1
9 0 0 2
4 2 3 3
3 3 1 3
12 0 3 0
9 2 0 1
9 3 2 2
3 1 0 3
14 3 2 3
5 1 2 3
3 3 1 3
3 3 3 3
12 0 3 0
0 0 2 3
9 1 3 0
3 2 0 2
14 2 0 2
3 0 0 1
14 1 3 1
14 0 1 1
3 1 2 1
12 1 3 3
9 2 3 2
9 2 0 1
0 0 2 1
3 1 3 1
3 1 3 1
12 3 1 3
9 2 0 1
0 0 2 2
3 2 1 2
3 2 1 2
12 2 3 3
0 3 2 0
9 1 2 1
9 2 3 2
9 0 1 3
13 3 2 2
3 2 2 2
12 0 2 0
0 0 1 2
9 2 0 3
9 1 1 0
9 2 2 1
7 0 3 1
3 1 1 1
12 2 1 2
9 3 2 0
9 1 2 1
10 0 3 3
3 3 3 3
3 3 1 3
12 3 2 2
0 2 0 0
3 3 0 3
14 3 1 3
9 2 1 2
9 3 1 1
3 1 3 1
12 0 1 0
9 3 1 3
9 0 3 2
9 1 1 1
9 2 1 2
3 2 2 2
12 2 0 0
0 0 0 2
9 2 0 0
9 1 2 3
9 0 2 1
8 0 3 1
3 1 2 1
12 1 2 2
3 2 0 3
14 3 2 3
9 1 2 1
7 1 0 3
3 3 1 3
12 2 3 2
0 2 0 3
9 0 0 0
3 0 0 2
14 2 2 2
3 2 0 1
14 1 3 1
2 2 1 0
3 0 2 0
3 0 1 0
12 0 3 3
0 3 2 1
9 2 1 0
3 1 0 3
14 3 2 3
9 3 2 2
1 0 3 3
3 3 2 3
12 1 3 1
0 1 3 3
9 3 3 1
9 3 3 0
15 0 2 2
3 2 2 2
3 2 1 2
12 2 3 3
0 3 1 1
9 0 2 3
9 0 2 0
9 2 1 2
6 2 3 0
3 0 3 0
12 1 0 1
9 3 3 0
9 2 3 3
9 0 3 2
4 2 3 0
3 0 1 0
12 1 0 1
0 1 3 2
9 1 0 3
9 1 2 1
9 2 0 0
8 0 3 1
3 1 1 1
12 1 2 2
0 2 1 3
9 2 2 2
9 1 2 1
9 1 1 0
0 0 2 0
3 0 1 0
12 3 0 3
0 3 3 1
9 3 1 3
9 2 3 0
9 3 3 2
5 0 2 0
3 0 1 0
12 0 1 1
0 1 1 3
9 3 3 1
9 1 3 2
9 3 2 0
15 0 2 0
3 0 3 0
12 0 3 3
9 1 1 0
3 1 0 2
14 2 2 2
0 0 2 1
3 1 2 1
3 1 2 1
12 1 3 3
0 3 0 2
3 0 0 1
14 1 0 1
9 2 0 0
9 2 1 3
1 0 3 0
3 0 1 0
12 2 0 2
0 2 1 1
9 1 0 3
9 2 3 0
9 1 2 2
8 0 3 2
3 2 3 2
12 1 2 1
0 1 2 3
9 3 2 0
9 3 2 2
9 2 0 1
5 1 2 0
3 0 1 0
12 3 0 3
0 3 0 2
9 0 3 1
9 1 3 3
9 2 3 0
14 3 1 3
3 3 1 3
12 3 2 2
0 2 2 1
3 3 0 2
14 2 2 2
9 0 0 3
13 3 2 0
3 0 2 0
12 1 0 1
9 2 3 3
9 1 0 2
3 1 0 0
14 0 3 0
15 0 2 0
3 0 1 0
12 0 1 1
0 1 0 2
3 1 0 1
14 1 3 1
9 2 2 0
2 0 1 0
3 0 1 0
12 2 0 2
0 2 0 3
3 2 0 0
14 0 1 0
9 2 2 2
2 2 1 1
3 1 2 1
12 1 3 3
0 3 2 2
9 1 0 3
9 2 1 1
9 2 2 0
7 3 0 0
3 0 2 0
12 0 2 2
0 2 2 3
3 0 0 2
14 2 1 2
9 3 0 0
5 1 0 1
3 1 2 1
12 1 3 3
9 0 1 2
9 1 2 1
3 1 2 1
3 1 2 1
3 1 2 1
12 3 1 3
0 3 3 1
9 2 1 3
11 2 0 0
3 0 1 0
3 0 3 0
12 0 1 1
9 2 3 2
9 1 3 0
9 1 3 3
12 3 0 3
3 3 3 3
12 1 3 1
9 2 3 0
3 3 0 2
14 2 1 2
9 1 2 3
8 0 3 3
3 3 3 3
12 1 3 1
9 2 3 2
9 1 1 3
7 3 0 3
3 3 3 3
12 3 1 1
0 1 0 3
9 1 0 0
9 2 0 1
0 0 2 0
3 0 1 0
12 0 3 3
0 3 3 1
3 0 0 3
14 3 1 3
9 2 0 0
8 0 3 0
3 0 1 0
3 0 1 0
12 1 0 1
9 1 2 0
9 0 0 3
0 0 2 3
3 3 3 3
12 1 3 1
0 1 2 3
9 3 3 2
3 0 0 1
14 1 0 1
3 0 2 1
3 1 2 1
12 1 3 3
0 3 0 1
9 0 1 2
9 3 3 3
15 3 2 0
3 0 1 0
12 0 1 1
0 1 1 2
9 0 3 3
9 1 0 0
3 3 0 1
14 1 0 1
14 0 1 1
3 1 1 1
12 1 2 2
0 2 3 1
9 1 0 3
3 1 0 0
14 0 2 0
9 0 2 2
8 0 3 3
3 3 1 3
12 3 1 1
9 2 0 2
9 0 0 3
13 3 2 3
3 3 2 3
12 1 3 1
0 1 1 2
9 3 1 3
3 1 0 1
14 1 0 1
9 1 2 0
14 0 1 1
3 1 2 1
12 1 2 2
0 2 2 0
3 3 0 2
14 2 0 2
9 3 2 1
9 2 3 3
4 2 3 1
3 1 2 1
3 1 3 1
12 1 0 0
0 0 1 3
9 3 3 1
9 3 0 2
9 1 3 0
14 0 1 2
3 2 3 2
12 3 2 3
0 3 3 1
9 1 3 3
9 0 3 0
9 1 2 2
12 3 3 2
3 2 2 2
12 2 1 1
0 1 0 0
9 2 0 2
9 2 1 3
9 2 1 1
6 1 3 3
3 3 3 3
12 3 0 0
0 0 0 1
9 1 0 0
9 3 0 3
0 0 2 3
3 3 2 3
12 1 3 1
0 1 3 3
9 3 0 0
9 0 1 2
9 2 3 1
11 2 0 0
3 0 3 0
12 0 3 3
0 3 1 2
9 1 3 1
9 1 3 3
9 1 2 0
12 3 3 3
3 3 1 3
12 2 3 2
0 2 1 3
3 3 0 2
14 2 2 2
9 3 1 0
2 2 0 2
3 2 2 2
12 3 2 3
0 3 3 1
3 3 0 2
14 2 2 2
9 1 3 3
9 1 1 0
0 0 2 3
3 3 2 3
3 3 3 3
12 1 3 1
0 1 2 0
9 2 3 1
9 0 3 2
9 2 0 3
4 2 3 1
3 1 2 1
12 0 1 0
0 0 3 3
3 3 0 0
14 0 3 0
3 1 0 2
14 2 3 2
9 2 1 1
5 1 2 2
3 2 2 2
12 3 2 3
0 3 0 1
9 0 1 2
9 2 0 3
4 2 3 3
3 3 3 3
12 1 3 1
9 2 1 2
9 2 2 3
9 1 2 0
0 0 2 0
3 0 2 0
3 0 3 0
12 0 1 1
0 1 2 2
3 1 0 0
14 0 0 0
9 2 1 1
6 1 3 1
3 1 2 1
12 1 2 2
0 2 0 3
3 0 0 1
14 1 3 1
9 3 3 0
9 0 0 2
11 2 0 0
3 0 1 0
12 0 3 3
0 3 0 1
9 2 0 0
9 2 2 3
4 2 3 3
3 3 2 3
12 1 3 1
0 1 3 2
9 2 2 1
9 2 3 3
1 0 3 3
3 3 2 3
12 3 2 2
0 2 1 0
9 3 0 1
9 1 3 3
9 3 0 2
15 1 2 2
3 2 1 2
3 2 1 2
12 0 2 0
0 0 0 1
9 2 1 0
9 2 3 2
7 3 0 2
3 2 3 2
12 1 2 1
0 1 0 3
9 0 2 1
9 3 1 2
9 3 2 0
15 0 2 1
3 1 1 1
12 1 3 3
0 3 3 0